1000
1000
755 880
169 670
898 621
961 49
856 666
315 109
920 665
297 304
315 526
913 120
825 653
265 805
748 828
413 909
514 590
164 404
27 566
829 488
671 320
902 341
159 73
650 280
449 441
162 393
853 735
432 293
291 941
185 830
88 327
240 467
475 335
989 68
993 577
324 88
605 349
106 222
285 95
418 425
531 615
995 731
542 295
1 489
286 202
419 673
926 868
701 219
440 143
298 88
959 929
104 741
305 332
605 24
699 952
340 32
224 308
362 763
824 693
585 345
450 705
607 525
299 640
941 888
721 525
856 541
383 625
306 506
821 572
816 273
715 899
328 102
861 805
349 388
213 747
888 526
44 422
682 872
769 457
734 297
517 104
513 293
647 719
428 661
313 356
780 940
944 542
358 997
437 562
627 26
278 529
663 203
160 773
619 915
756 483
565 330
390 96
792 179
790 570
231 285
321 218
532 341
525 880
572 484
362 242
140 387
605 226
87 12
549 368
358 383
474 18
857 261
158 909
785 581
673 428
623 746
657 86
132 942
550 317
557 98
448 885
341 830
290 343
434 352
82 810
177 660
277 431
893 921
159 425
767 340
856 423
654 311
438 125
67 512
999 391
648 613
677 579
574 519
80 539
41 765
799 854
192 981
505 797
980 811
949 797
978 386
567 133
363 798
838 774
939 293
402 738
706 541
763 589
362 461
384 997
847 562
53 908
106 15
46 776
165 483
139 175
175 65
415 610
690 160
311 256
232 632
308 91
263 211
355 386
785 307
715 33
641 916
282 161
558 414
507 0
829 893
995 507
678 610
814 570
330 164
309 280
823 81
161 416
655 912
503 48
321 972
448 263
979 967
910 300
766 448
861 285
7 997
330 239
25 553
825 134
470 311
500 1
473 727
194 327
49 919
809 754
92 558
223 376
879 956
845 574
215 20
192 583
261 641
140 190
839 215
130 454
750 833
268 180
573 649
180 468
194 532
548 500
983 5
307 727
598 889
751 79
721 198
851 360
670 955
614 661
830 243
368 832
135 503
891 468
762 487
346 308
533 966
922 401
342 837
528 484
788 787
772 780
418 983
752 352
625 703
176 923
270 700
12 231
406 625
782 988
329 997
136 570
350 408
806 395
559 746
900 878
576 971
908 348
100 529
593 834
886 451
531 558
180 94
484 48
770 777
396 274
165 348
103 851
95 492
923 504
330 722
900 100
850 300
416 850
274 195
850 914
277 748
787 225
146 357
440 68
488 649
564 383
37 321
552 826
311 824
525 640
860 901
287 72
358 969
787 196
783 627
773 195
318 702
805 457
44 200
794 916
508 675
729 932
844 312
372 388
874 707
942 851
650 571
291 538
66 398
458 527
845 39
159 974
364 206
407 836
171 872
520 645
237 677
691 459
18 81
342 38
184 503
751 573
942 484
121 268
400 208
308 546
5 851
337 189
861 309
199 143
272 556
158 802
890 547
883 694
618 905
140 920
436 327
779 134
199 682
851 37
971 174
589 534
26 916
992 731
83 521
335 46
20 984
195 687
755 459
171 239
433 110
431 793
723 583
732 353
210 391
173 870
221 877
951 738
4 996
482 363
817 495
7 267
92 119
163 986
577 337
559 443
925 847
241 817
155 598
216 293
684 863
112 51
923 8
226 224
622 696
533 37
714 466
145 399
238 443
798 77
835 737
33 800
866 769
663 966
604 705
173 904
214 275
520 547
435 280
314 82
459 43
574 357
506 645
970 587
332 225
524 587
728 285
204 34
319 689
514 429
335 816
408 806
439 696
408 842
289 321
189 509
327 453
251 753
434 341
172 554
94 546
339 509
110 15
602 814
896 922
651 500
131 859
151 916
684 716
949 633
527 507
189 19
41 931
546 22
160 492
366 486
674 79
147 629
115 211
324 230
873 987
223 230
270 782
993 891
703 431
140 781
394 669
954 251
611 429
462 841
188 777
841 5
800 318
681 249
813 62
916 318
704 275
73 388
121 355
210 511
116 261
57 526
476 743
843 213
620 387
129 473
108 574
456 389
649 823
372 117
566 146
633 450
73 798
474 597
603 778
439 742
345 772
996 994
874 388
646 353
963 384
8 373
476 907
615 279
316 988
391 697
426 695
726 873
456 790
994 267
726 903
63 599
906 830
461 114
64 765
263 42
348 572
782 341
670 30
717 710
400 74
295 482
685 320
942 291
948 898
576 86
765 858
143 584
929 346
207 427
556 173
984 621
82 815
273 902
610 682
367 489
377 465
933 94
139 398
514 883
604 980
494 253
992 754
277 782
832 369
114 250
794 682
177 879
467 503
979 151
370 536
652 285
638 131
954 452
329 511
537 513
305 890
580 227
292 163
211 671
147 408
352 607
878 288
501 531
648 856
932 32
179 597
545 286
618 85
91 298
414 324
153 904
48 53
859 160
998 663
474 678
603 701
783 279
205 635
520 37
154 987
656 728
953 836
756 653
80 138
453 199
808 118
277 22
302 269
227 412
826 100
729 984
680 317
26 486
316 633
251 790
885 699
916 311
361 761
990 405
47 799
453 674
434 90
335 965
400 113
650 133
923 478
100 67
855 112
681 248
966 670
873 838
527 655
690 287
568 948
950 613
534 838
548 575
737 689
164 592
458 51
990 28
229 550
986 808
879 946
197 874
311 672
302 705
904 829
966 116
565 676
782 315
414 741
787 23
837 528
525 910
35 613
396 696
425 597
272 536
988 226
355 629
536 79
962 661
143 343
555 343
289 992
25 925
522 50
381 300
156 513
730 108
842 26
659 643
852 181
159 650
199 492
675 769
692 783
755 888
415 725
667 855
425 150
96 618
145 319
867 350
594 79
387 3
870 33
63 389
304 658
943 357
29 923
388 225
463 80
85 416
708 34
936 767
979 653
31 877
653 437
25 828
46 995
808 83
31 997
871 696
992 725
318 294
521 971
389 617
596 303
615 507
61 133
583 18
152 259
32 168
927 448
706 917
611 826
296 431
466 419
635 780
459 164
367 743
1 852
638 665
513 73
516 18
410 829
733 331
670 242
898 583
658 150
449 776
422 859
894 93
456 626
703 377
733 203
166 836
908 530
287 51
272 898
553 291
45 787
813 578
554 943
964 741
701 582
570 345
643 580
787 814
712 16
229 23
212 498
738 481
850 598
1 883
613 703
891 418
722 814
561 665
926 435
274 118
212 821
34 711
29 774
564 658
702 712
190 168
483 592
471 166
885 992
921 137
141 640
911 155
351 972
422 772
301 205
514 423
231 234
878 947
750 392
232 143
868 577
738 766
562 267
850 845
717 254
878 664
629 46
717 813
785 600
58 316
161 612
263 215
858 534
279 919
300 208
518 690
417 566
748 439
253 278
930 661
573 877
97 733
720 796
322 222
825 481
601 379
268 358
602 457
287 386
803 306
62 788
705 306
124 41
854 852
135 85
671 956
486 858
131 642
197 428
128 590
979 632
12 280
663 316
638 253
781 678
740 88
231 946
497 977
116 790
959 373
230 986
86 40
261 908
562 904
255 569
763 494
742 385
343 999
427 455
536 822
674 798
34 756
487 811
998 87
953 227
344 207
700 164
427 137
683 128
876 729
370 569
956 191
476 705
499 528
669 852
630 778
809 126
173 508
616 924
746 852
378 543
99 89
927 178
482 110
677 526
68 928
127 253
310 303
387 221
589 200
760 342
921 157
793 430
809 311
922 909
454 829
422 462
211 737
486 7
243 604
627 83
183 863
914 803
171 352
302 292
891 601
508 179
272 755
587 836
152 601
548 236
894 889
864 216
216 856
906 888
663 130
777 419
133 435
355 742
502 861
382 68
153 358
596 354
511 466
643 566
634 831
121 79
871 730
66 300
186 47
481 710
880 325
66 113
9 1
206 650
974 677
531 89
848 597
376 157
83 207
6 894
951 807
455 756
65 659
240 987
64 622
367 503
121 966
536 490
662 68
63 469
490 607
630 551
638 441
971 452
147 371
310 255
5 399
638 577
80 523
640 262
614 353
651 644
944 44
860 444
730 507
686 758
51 891
884 827
786 325
94 474
167 665
349 49
166 401
844 192
769 71
430 242
584 587
969 858
693 617
322 246
236 965
291 835
781 272
972 369
890 314
901 515
571 648
320 183
890 484
6 766
98 210
775 176
604 622
760 608
909 714
658 891
138 95
127 455
5 658
586 87
705 471
533 433
2 276
585 55
234 660
202 64
373 102
784 673
871 147
187 469
203 584
265 173
993 352
661 593
350 851
438 145
149 494
641 463
131 890
282 447
579 249
409 478
535 836
689 56
490 64
564 516
743 997
714 98
765 40
838 274
227 798
68 350
517 792
879 579
88 196
669 885
339 70
373 44
81 424
693 804
229 813
91 870
671 335
206 695
130 374
115 274
662 318
704 913
499 724
58 846
852 437
158 247
475 751
713 676
301 860
596 885
117 553
911 824
760 10
971 54
239 635
199 884
707 107
874 107
318 730
35 702
677 649
768 704
142 742
779 596
438 767
420 437
813 198
212 456
781 619
617 295
