,State,Account Length,Area Code,Int'l Plan,VMail Plan,VMail Message,Day Mins,Day Calls,Day Charge,Eve Mins,Eve Calls,Eve Charge,Night Mins,Night Calls,Night Charge,Intl Mins,Intl Calls,Intl Charge,CustServ Calls,Churn?
count,3333,3333.0,3333.0,3333,3333,3333.0,3333.0,3333.0,3333.0,3333.0,3333.0,3333.0,3333.0,3333.0,3333.0,3333.0,3333.0,3333.0,3333.0,3333.0
unique,51,,,2,2,,,,,,,,,,,,,,,
top,WV,,,no,no,,,,,,,,,,,,,,,
freq,106,,,3010,2411,,,,,,,,,,,,,,,
mean,,101.06480648064806,437.18241824182417,,,8.099009900990099,179.77509750975094,100.43564356435644,30.562307230723075,200.98034803480348,100.11431143114311,17.083540354035403,200.87203720372037,100.10771077107711,9.03932493249325,10.237293729372938,4.4794479447944795,2.7645814581458144,1.5628562856285628,0.14491449144914492
std,,39.822105928595604,42.371290485606224,,,13.68836537203884,54.46738920237142,20.069084207300854,9.259434553930507,50.71384442581193,19.92262529394309,4.310667643110339,50.5738470136583,19.568609346058615,2.2758728376600317,2.7918395484084204,2.4612142705460887,0.7537726126630453,1.3154910448664843,0.35206742362412946
min,,1.0,408.0,,,0.0,0.0,0.0,0.0,0.0,0.0,0.0,23.2,33.0,1.04,0.0,0.0,0.0,0.0,0.0
25%,,74.0,408.0,,,0.0,143.7,87.0,24.43,166.6,87.0,14.16,167.0,87.0,7.52,8.5,3.0,2.3,1.0,0.0
50%,,101.0,415.0,,,0.0,179.4,101.0,30.5,201.4,100.0,17.12,201.2,100.0,9.05,10.3,4.0,2.78,1.0,0.0
75%,,127.0,510.0,,,20.0,216.4,114.0,36.79,235.3,114.0,20.0,235.3,113.0,10.59,12.1,6.0,3.27,2.0,0.0
max,,243.0,510.0,,,51.0,350.8,165.0,59.64,363.7,170.0,30.91,395.0,175.0,17.77,20.0,20.0,5.4,9.0,1.0
